68001
68002
68003
68004
68005
68007
68008
68010
68014
68015
68016
68017
68018
68019
68020
68022
68023
68025
68028
68029
68030
68031
68033
68034
68036
68037
68038
68039
68040
68041
68042
68044
68045
68046
68047
68048
68050
68055
68057
68058
68059
68061
68062
68063
68064
68065
68066
68067
68068
68069
68070
68071
68072
68073
68102
68104
68105
68106
68107
68108
68110
68111
68112
68113
68114
68116
68117
68118
68122
68123
68124
68127
68128
68130
68131
68132
68133
68134
68135
68136
68137
68138
68142
68144
68147
68152
68154
68157
68164
68178
68301
68303
68304
68305
68307
68309
68310
68313
68314
68317
68318
68320
68321
68323
68324
68328
68329
68331
68332
68333
68336
68337
68338
68339
68341
68342
68343
68344
68345
68346
68347
68348
68349
68350
68351
68352
68355
68357
68358
68359
68360
68364
68366
68367
68368
68372
68376
68377
68378
68379
68380
68381
68382
68402
68403
68404
68405
68406
68407
68409
68410
68413
68414
68415
68417
68418
68419
68420
68421
68422
68423
68424
68428
68430
68431
68433
68434
68437
68438
68439
68440
68441
68442
68443
68445
68446
68447
68448
68450
68453
68454
68455
68456
68457
68458
68460
68461
68462
68463
68464
68465
68466
68502
68503
68504
68505
68506
68507
68508
68510
68512
68514
68516
68517
68520
68521
68522
68523
68524
68526
68527
68528
68531
68532
68601
68621
68624
68626
68629
68631
68632
68633
68635
68641
68643
68648
68649
68658
68659
68661
68662
68664
68667
68669
68710
68716
68717
68723
68727
68728
68731
68732
68733
68736
68739
68740
68741
68743
68745
68751
68757
68768
68770
68771
68774
68776
68779
68784
68785
68787
68788
68790
68791
68792
